Date,Open,High,Low,Close,Volume,OpenInt,Action
2013-12-10,23.698,24.345,23.61,24.064,18043837,0,0
2013-12-11,24.607,26.288,24.539,25.139,43224764,0,-1
2013-12-12,25.342,25.831999999999997,24.616,24.616,20749989,0,1
2013-12-13,24.771,25.436999999999998,24.684,25.369,12588700,0,0
2013-12-16,25.749000000000002,25.888,25.485,25.739,17136729,0,-1
2013-12-17,25.605,25.721,25.099,25.245,11260767,0,1
2013-12-18,25.139,25.369,24.714000000000002,25.369,12074578,0,-1
2013-12-19,25.237,25.624000000000002,24.975,25.265,6863328,0,1
2013-12-20,25.304000000000002,25.624000000000002,25.288,25.465999999999998,12105293,0,-1
2013-12-23,25.495,25.624000000000002,25.199,25.324,7888164,0,1
2013-12-24,25.149,25.399,25.149,25.389,2992380,0,-1
2013-12-26,25.265,25.495,25.124000000000002,25.275,4760344,0,0
2013-12-27,25.099,25.245,24.094,24.123,13933884,0,0
2013-12-30,24.064,24.421999999999997,23.843000000000004,23.967,9201534,0,1
2013-12-31,23.967,24.421999999999997,23.823,24.421999999999997,7308913,0,0
2014-01-02,24.250999999999998,24.974,24.241,24.53,9373746,0,0
2014-01-03,24.906999999999996,25.872,24.675,25.673000000000002,14100909,0,0
2014-01-06,25.749000000000002,26.308000000000003,25.729,26.143,11829444,0,-1
2014-01-07,26.308000000000003,26.504,25.795,26.03,11597247,0,1
2014-01-08,25.515,26.773000000000003,25.485,26.724,16614401,0,0
2014-01-09,27.314,28.63,27.276999999999997,28.456999999999997,25494593,0,-1
2014-01-10,28.098000000000003,28.854,27.808000000000003,28.389,16050935,0,0
2014-01-13,28.225,28.561999999999998,27.644000000000002,27.711,11318594,0,1
2014-01-14,27.808000000000003,28.088,27.77,27.924,10199572,0,-1
2014-01-15,27.953000000000003,28.475,27.76,27.896,10647385,0,1
2014-01-16,27.991,28.428,27.76,28.379,7752254,0,0
2014-01-17,28.34,29.035999999999998,28.215999999999998,29.035999999999998,12266334,0,0
2014-01-21,29.521,29.79,29.213,29.655,11466261,0,0
2014-01-22,29.724,30.218000000000004,29.647,30.179000000000002,8515664,0,0
2014-01-23,29.647,30.429000000000002,29.618000000000002,30.323,12175229,0,-1
2014-01-24,30.005,30.159000000000002,28.928,29.403000000000002,14224921,0,0
2014-01-27,29.433000000000003,29.858,27.730999999999998,29.193,18110978,0,1
2014-01-28,29.325,31.148000000000003,29.035999999999998,30.910999999999998,25551550,0,0
2014-01-29,31.185,32.306,31.049,31.9,22281034,0,0
2014-01-30,32.266,33.080999999999996,32.113,32.693000000000005,15420389,0,-1
2014-01-31,32.064,32.963,31.92,32.452,12633771,0,1
2014-02-03,32.838,33.35,31.967,32.848,20448309,0,0
2014-02-04,32.925,33.253,32.481,32.935,11760622,0,-1
2014-02-05,32.819,32.858000000000004,32.306,32.693000000000005,14989240,0,1
2014-02-06,32.614000000000004,33.775999999999996,32.597,33.525999999999996,13605147,0,0
2014-02-07,33.698,34.53,33.516,34.501999999999995,17922492,0,-1
2014-02-10,34.946999999999996,34.966,34.221,34.414,12224463,0,0
2014-02-11,34.414,34.473,33.263000000000005,33.979,12394970,0,0
2014-02-12,33.747,33.856,33.234,33.554,9704395,0,1
2014-02-13,32.954,33.891999999999996,32.944,33.883,8696003,0,-1
2014-02-14,33.708,34.027,33.099000000000004,33.282,7553912,0,0
2014-02-18,33.580999999999996,33.806,33.080999999999996,33.186,7328702,0,1
2014-02-19,33.126999999999995,33.94,32.992,33.458,7505226,0,0
2014-02-20,33.302,34.501999999999995,33.302,34.492,9603405,0,0
2014-02-21,34.609,35.256,34.58,34.986,8086011,0,0
2014-02-24,35.014,35.459,34.841,35.449,7258224,0,0
2014-02-25,35.431,35.933,35.315,35.79,9295564,0,-1
2014-02-26,35.903,36.059,35.383,35.544000000000004,10872885,0,0
2014-02-27,35.672,35.741,35.149,35.364000000000004,5856787,0,1
2014-02-28,34.938,35.77,34.889,35.721,8261967,0,-1
2014-03-03,34.986,35.207,34.165,34.918,9819502,0,1
2014-03-04,35.374,36.233000000000004,35.374,36.119,12139293,0,0
2014-03-05,36.367,36.783,36.282,36.62,9091757,0,0
2014-03-06,37.025999999999996,38.042,37.025999999999996,37.538000000000004,14482792,0,0
2014-03-07,37.936,38.004,36.861,37.742,10895817,0,-1
2014-03-10,37.431999999999995,38.575,37.288000000000004,37.684,11801957,0,0
2014-03-11,37.402,37.974000000000004,36.707,36.833,11694262,0,0
2014-03-12,36.696999999999996,36.833,36.009,36.327,9735465,0,0
2014-03-13,36.659,36.746,34.58,35.535,12141312,0,0
2014-03-14,34.821,35.961,34.501999999999995,35.149,7443628,0,1
2014-03-17,35.421,36.534,35.335,36.465,9552953,0,-1
2014-03-18,36.534,36.793,35.873000000000005,36.129,5910492,0,0
2014-03-19,36.049,36.397,35.478,35.863,3993581,0,0
2014-03-20,35.411,35.873000000000005,35.091,35.364000000000004,7187541,0,0
2014-03-21,35.574,35.614000000000004,34.734,34.928000000000004,14591120,0,1
2014-03-24,35.062,35.653,34.851,35.594,6735113,0,0
2014-03-25,35.672,36.948,35.653,36.659,10772090,0,-1
2014-03-26,36.900999999999996,37.006,35.439,35.497,7570364,0,0
2014-03-27,35.421,35.564,33.873000000000005,34.599000000000004,9869365,0,0
2014-03-28,34.599000000000004,35.305,34.192,34.231,7022775,0,1
2014-03-31,34.665,35.663000000000004,34.58,35.400999999999996,8700464,0,0
2014-04-01,35.741,36.938,35.643,36.696999999999996,11439953,0,-1
2014-04-02,36.958,37.628,36.253,36.475,12933228,0,0
2014-04-03,36.534,37.181,35.751,36.119,8207792,0,0
2014-04-04,36.367,36.485,35.111,35.364000000000004,9028731,0,0
2014-04-07,35.594,36.253,34.298,34.609,10930167,0,1
2014-04-08,34.841,35.033,32.519,34.801,17998854,0,0
2014-04-09,34.859,35.79,34.008,35.691,11865940,0,-1
2014-04-10,35.497,36.156,33.468,34.135,16863870,0,0
2014-04-11,32.972,34.298,32.491,32.577,16060762,0,0
2014-04-14,32.887,33.63,31.695,32.275999999999996,13922402,0,1
2014-04-15,32.422,33.205,30.816,32.614000000000004,16521576,0,0
2014-04-16,33.052,34.424,32.829,34.347,16164651,0,-1
2014-04-17,34.336999999999996,34.694,33.68,34.24,9537405,0,1
2014-04-21,33.846,34.618,33.718,34.501999999999995,7434076,0,0
2014-04-22,34.59,35.535,34.58,34.976,9244659,0,0
2014-04-23,35.923,36.367,35.207,35.873000000000005,15138217,0,0
2014-04-24,36.64,36.986999999999995,34.626,36.039,21750158,0,-1
2014-04-25,35.79,35.893,34.734,34.821,9898525,0,0
2014-04-28,35.217,35.516,33.214,34.008,13594359,0,1
2014-04-29,34.046,34.482,33.826,34.347,9298827,0,-1
2014-04-30,34.512,34.704,33.747,33.921,7179813,0,1
2014-05-01,34.684,35.497,34.308,35.196999999999996,11890649,0,0
2014-05-02,35.196999999999996,35.516,34.879,35.296,7223809,0,0
2014-05-05,34.928000000000004,35.574,34.618,35.400999999999996,6015473,0,0
2014-05-06,35.98,36.176,35.196999999999996,35.469,9814060,0,0
2014-05-07,35.383,36.089,35.121,35.999,8064192,0,0
2014-05-08,36.029,36.997,35.838,36.997,14939631,0,0
2014-05-09,36.717,37.431999999999995,36.668,37.006,10032103,0,0
2014-05-12,37.095,38.196,37.095,38.101,12859673,0,-1
2014-05-13,37.692,38.438,37.578,38.023,8973095,0,0
2014-05-14,37.829,37.955,37.297,37.568000000000005,8263246,0,0
2014-05-15,37.288000000000004,37.461999999999996,36.253,36.938,11038364,0,1
2014-05-16,36.793,37.412,36.524,37.268,7301638,0,0
2014-05-19,37.229,37.876999999999995,36.852,37.305,7407218,0,-1
2014-05-20,37.278,37.608000000000004,36.774,36.986999999999995,6498255,0,1
2014-05-21,37.025999999999996,37.578,36.803000000000004,37.065,6786426,0,0
2014-05-22,37.046,37.608000000000004,37.046,37.452,6631845,0,0
2014-05-23,37.431999999999995,38.205,37.268,37.829,10199727,0,0
2014-05-27,38.091,38.622,37.946,38.062,9905935,0,0
2014-05-28,38.111,39.010999999999996,37.906,38.496,11509388,0,0
2014-05-29,38.585,38.951,38.071,38.516,9994464,0,0
2014-05-30,38.525999999999996,38.853,38.379,38.843,14358699,0,0
2014-06-02,38.805,39.899,38.69,39.869,10238946,0,0
2014-06-03,39.783,40.711,39.763000000000005,40.083,9776416,0,0
2014-06-04,40.005,41.495,39.85,41.418,12337258,0,-1
2014-06-05,41.592,42.066,40.884,41.022,8828848,0,1
2014-06-06,41.06100000000001,42.482,41.032,42.443999999999996,14077492,0,-1
2014-06-09,42.559,42.977,41.659,42.161,12083788,0,1
2014-06-10,42.075,42.424,41.523999999999994,42.229,8668327,0,-1
2014-06-11,41.495,41.871,40.653,40.903,13631090,0,0
2014-06-12,39.919000000000004,40.054,37.578,38.882,38578912,0,1
2014-06-13,38.931,39.58,38.254,39.059,14046200,0,0
2014-06-16,38.37,39.939,38.37,39.715,14095338,0,0
2014-06-17,39.734,40.808,39.426,40.497,12951494,0,0
2014-06-18,40.527,41.418,40.208,41.262,11631407,0,0
2014-06-19,41.428000000000004,42.066,41.262,41.648999999999994,14594127,0,0
2014-06-20,41.63,43.091,41.62,43.091,42020205,0,-1
2014-06-23,42.858000000000004,43.412,42.365,42.908,19081805,0,0
2014-06-24,42.693999999999996,43.147,41.358999999999995,41.766999999999996,13698698,0,1
2014-06-25,41.495,42.559,40.913000000000004,42.472,11315240,0,0
2014-06-26,42.521,43.138000000000005,42.075,43.091,11552874,0,-1
2014-06-27,42.848,43.284,42.472,42.559,42874386,0,0
2014-06-30,42.598,42.636,41.428000000000004,41.553999999999995,10809464,0,1
2014-07-01,42.019,42.461999999999996,41.638999999999996,42.424,9475049,0,-1
2014-07-02,41.534,41.544,40.064,40.576,20415915,0,0
2014-07-03,41.214,41.534,40.045,40.255,8537621,0,0
2014-07-07,40.355,40.355,38.614000000000004,38.787,14705911,0,1
2014-07-08,37.857,39.010999999999996,36.659,38.941,27294470,0,0
2014-07-09,40.702,40.961999999999996,39.183,40.615,21160067,0,0
2014-07-10,39.657,41.573,39.436,41.418,12227800,0,0
2014-07-11,41.544,41.813,41.126999999999995,41.475,8408969,0,0
2014-07-14,41.842,42.161,41.33,41.573,7459502,0,0
2014-07-15,41.91,42.297,41.379,42.268,8642400,0,-1
2014-07-16,42.559,42.559,41.881,42.056999999999995,6586892,0,0
2014-07-17,41.63,42.019,40.285,40.335,14388408,0,1
2014-07-18,40.848,41.803000000000004,40.769,41.513999999999996,9170074,0,-1
2014-07-21,41.505,41.544,40.867,41.09,5876764,0,0
2014-07-22,41.302,41.485,40.769,40.992,6676144,0,1
2014-07-23,41.321000000000005,42.229,41.253,41.91,10499963,0,-1
2014-07-24,41.108999999999995,42.511,40.335,40.779,18626128,0,0
2014-07-25,40.867,41.282,39.977,40.315,11360518,0,0
2014-07-28,40.469,40.576,38.506,38.971,16376908,0,0
2014-07-29,39.318000000000005,39.512,38.101,38.234,11080580,0,1
2014-07-30,38.565,38.941,38.004,38.254,11123513,0,-1
2014-07-31,37.721,38.205,36.897,37.674,13957944,0,1
2014-08-01,37.616,38.332,37.265,38.234,9256977,0,-1
2014-08-04,38.293,38.641999999999996,36.49,36.985,11437410,0,0
2014-08-05,36.742,37.285,35.626999999999995,36.053000000000004,10746876,0,1
2014-08-06,35.452,36.848,35.045,36.323,9798304,0,-1
2014-08-07,36.539,37.246,35.394,35.744,10191401,0,1
2014-08-08,35.452,36.248000000000005,34.164,36.053000000000004,21404544,0,0
2014-08-11,36.646,37.208,36.218,36.819,9295484,0,-1
2014-08-12,36.985,36.985,36.143,36.382,6416086,0,1
2014-08-13,36.5,37.294000000000004,36.305,36.965,6370037,0,0
2014-08-14,37.333,38.409,37.294000000000004,38.37,10447517,0,-1
2014-08-15,38.738,38.865,37.616,38.003,10116141,0,1
2014-08-18,38.448,39.661,38.399,39.429,11243016,0,-1
2014-08-19,39.719,39.758,39.043,39.204,6000026,0,1
2014-08-20,39.175,39.563,38.816,39.37,6709863,0,-1
2014-08-21,39.515,39.611999999999995,38.244,38.313,8408679,0,1
2014-08-22,38.399,38.993,38.352,38.641999999999996,5952305,0,-1
2014-08-25,39.013000000000005,39.061,38.205,38.224000000000004,7295991,0,0
2014-08-26,38.352,38.546,37.885999999999996,37.905,5912294,0,0
2014-08-27,38.166,38.205,37.508,37.808,6659085,0,1
2014-08-28,37.536,38.205,37.527,37.983000000000004,4010505,0,-1
2014-08-29,37.915,38.157,37.198,37.701,6853258,0,1
2014-09-02,37.818000000000005,39.311,37.711,39.273,11275994,0,-1
2014-09-03,38.527,38.691,37.5,37.954,10308237,0,0
2014-09-04,38.176,38.768,37.198,37.303000000000004,12379536,0,0
2014-09-05,37.343,37.536,36.569,36.703,12446398,0,1
2014-09-08,36.848,37.236,36.809,37.071999999999996,7576521,0,-1
2014-09-09,36.49,37.508,36.248000000000005,36.809,9385940,0,1
2014-09-10,36.78,37.691,36.762,37.41,8360881,0,-1
2014-09-11,37.556,37.856,36.78,36.935,10381280,0,0
2014-09-12,36.935,37.343,36.49,36.51,8488321,0,0
2014-09-15,36.5,36.655,35.724000000000004,35.946,8202873,0,1
2014-09-16,35.876999999999995,36.857,35.694,36.829,6933997,0,-1
2014-09-17,36.77,37.082,35.917,36.323,6892715,0,1
2014-09-18,36.559,36.955,36.46,36.897,4696563,0,-1
2014-09-19,36.916,37.092,35.519,35.519,18141260,0,0
2014-09-22,35.876999999999995,35.876999999999995,34.366,34.501999999999995,11310733,0,0
2014-09-23,33.978,34.685,33.589,34.26,12528409,0,1
2014-09-24,34.395,35.238,34.114000000000004,35.025,8754915,0,-1
2014-09-25,34.792,34.89,33.814,34.144,11275717,0,1
2014-09-26,34.181999999999995,35.025,33.959,34.842,8781068,0,-1
2014-09-29,34.278,34.666,33.882,33.969,7722863,0,1
2014-09-30,34.036,34.764,33.299,34.405,10960784,0,-1
2014-10-01,33.455,33.882,32.825,33.347,20055318,0,0
2014-10-02,33.425,34.308,32.496,32.903,22148926,0,1
2014-10-03,33.638000000000005,35.219,33.562,35.133,15551134,0,-1
2014-10-06,35.209,35.394,33.804,33.872,13191916,0,0
2014-10-07,33.696,33.959,33.028,33.058,10344270,0,0
2014-10-08,33.485,33.504,31.612,32.0,23458481,0,0
2014-10-09,32.486,32.678000000000004,30.971999999999998,31.011999999999997,23345432,0,0
2014-10-10,30.594,31.27,28.875999999999998,29.846,31981736,0,0
2014-10-13,30.129,30.438000000000002,27.249000000000002,27.713,35585172,0,1
2014-10-14,28.403000000000002,31.206,28.393,30.555,29021445,0,0
2014-10-15,29.303,31.631,28.596,30.730999999999998,41177450,0,0
2014-10-16,29.703000000000003,32.389,29.090999999999998,31.971,25764696,0,0
2014-10-17,32.854,33.299,31.816,32.369,16508245,0,0
2014-10-20,33.154,34.318000000000005,32.969,34.154,13947891,0,0
2014-10-21,35.045,36.732,34.929,36.703,27159770,0,-1
2014-10-22,36.916,37.062,35.823,35.917,19544702,0,1
2014-10-23,36.297,38.963,35.685,37.313,34323008,0,0
2014-10-24,37.43,38.738,37.41,38.614000000000004,18381300,0,0
2014-10-27,38.399,39.175,38.101,38.701,13772555,0,0
2014-10-28,38.894,39.525,38.546,39.023,12574518,0,-1
2014-10-29,38.855,39.175,38.051,38.729,16277343,0,1
2014-10-30,38.797,39.555,38.516,39.176,10869542,0,0
2014-10-31,39.916,40.586,39.663000000000004,40.196999999999996,13385677,0,0
2014-11-03,40.294000000000004,40.926,40.274,40.83,8685476,0,0
2014-11-04,41.636,42.483000000000004,41.316,41.51,17919859,0,-1
2014-11-05,42.114,42.141000000000005,40.916,41.074,11859301,0,1
2014-11-06,41.403,42.901,41.403,41.938,14890221,0,0
2014-11-07,42.037,42.277,41.441,41.997,9281096,0,0
2014-11-10,41.316,42.714,40.508,42.608999999999995,13548541,0,-1
2014-11-11,42.773999999999994,43.23,42.114,42.228,11369877,0,0
2014-11-12,42.047,42.415,41.646,42.218,7926155,0,1
2014-11-13,42.345,43.22,42.277,42.891000000000005,11453767,0,-1
2014-11-14,42.951,43.299,42.455,42.783,8995795,0,0
2014-11-17,42.744,43.339,42.415,42.473,8938175,0,1
2014-11-18,42.542,44.191,42.542,43.794,14626720,0,-1
2014-11-19,43.57899999999999,44.135,42.81100000000001,42.871,11613338,0,1
2014-11-20,42.483000000000004,43.474,41.997,42.931000000000004,9699939,0,-1
2014-11-21,43.141999999999996,43.248999999999995,42.047,42.104,11177282,0,0
2014-11-24,42.473,42.733999999999995,41.589,42.007,9850985,0,1
2014-11-25,41.978,43.2,41.898,42.92100000000001,11892505,0,0
2014-11-26,43.075,44.477,42.773999999999994,43.717,13165586,0,0
2014-11-28,45.691,48.071999999999996,45.691,47.177,22259042,0,-1
2014-12-01,47.684,48.091,46.038999999999994,46.545,15585794,0,0
2014-12-02,46.711000000000006,47.343999999999994,45.836999999999996,46.526,12193237,0,1
2014-12-03,46.41,47.119,45.611000000000004,46.896,9173347,0,0
2014-12-04,48.317,48.869,47.946000000000005,48.266999999999996,15668436,0,0
2014-12-05,48.695,50.306000000000004,48.61600000000001,49.589,16032227,0,-1
2014-12-08,49.034,49.89,48.754,49.402,16626818,0,0
2014-12-09,47.75,47.83,46.068999999999996,46.963,21163526,0,1
2014-12-10,48.403999999999996,48.994,46.905,47.577,19017364,0,0
2014-12-11,48.413000000000004,50.065,48.266999999999996,49.122,15514969,0,-1
2014-12-12,50.232,50.25899999999999,48.507,48.577,15798963,0,1
2014-12-15,48.81100000000001,49.89,47.946000000000005,49.422,15808553,0,-1
2014-12-16,49.589,49.725,46.352,46.623000000000005,22673566,0,1
2014-12-17,46.915,48.108999999999995,44.768,47.43899999999999,25488305,0,0
2014-12-18,47.207,49.511,46.176,48.744,17412109,0,0
2014-12-19,48.287,49.521,47.732,49.295,27554524,0,0
2014-12-22,49.678000000000004,50.434,49.305,49.422,9124742,0,-1
2014-12-23,49.531000000000006,49.715,48.451,48.81100000000001,7375337,0,1
2014-12-24,49.251000000000005,50.248999999999995,48.945,49.997,6132296,0,0
2014-12-26,50.026,50.793,49.638000000000005,50.512,7037624,0,0
2014-12-29,50.248999999999995,51.755,49.87,51.376999999999995,9042192,0,0
2014-12-30,51.523999999999994,52.203,51.358000000000004,51.931999999999995,8294163,0,0
2014-12-31,52.398,53.117,51.833999999999996,52.135,11380074,0,0
2015-01-02,52.787,53.078,51.593,52.408,11058442,0,-1
2015-01-05,52.855,53.021,51.853,52.379,11895506,0,0
2015-01-06,52.757,52.913999999999994,50.678000000000004,51.563,14165787,0,0
2015-01-07,51.893,52.153999999999996,50.668,51.534,10357774,0,1
2015-01-08,51.992,52.766999999999996,51.765,52.163999999999994,9948748,0,-1
2015-01-09,52.173,52.408,50.376000000000005,50.571000000000005,12704713,0,0
2015-01-12,49.57899999999999,50.016000000000005,47.83,48.198,18780006,0,1
2015-01-13,48.725,49.997,48.081,48.994,12610297,0,-1
2015-01-14,48.042,48.83,46.75899999999999,48.032,16134343,0,0
2015-01-15,47.76,48.994,47.227,48.032,10695025,0,0
2015-01-16,48.004,48.577,46.925,48.422,13349393,0,0
2015-01-20,49.568999999999996,51.358000000000004,49.343999999999994,51.28,16246825,0,0
2015-01-21,51.183,52.494,50.501999999999995,52.173,26382083,0,0
2015-01-22,53.03,54.266000000000005,52.408,54.041000000000004,18048732,0,0
2015-01-23,53.858000000000004,54.418,53.273,54.137,10819894,0,-1
2015-01-26,54.333,54.63399999999999,53.205,53.903,13728749,0,0
2015-01-27,52.486000000000004,53.001000000000005,51.076,51.221000000000004,20372260,0,0
2015-01-28,51.385,52.202,48.897,49.211000000000006,17326307,0,1
2015-01-29,49.619,50.958999999999996,49.162,50.783,17093958,0,-1
2015-01-30,50.551,50.678000000000004,47.275,47.714,19000637,0,0
2015-02-02,47.567,47.567,44.923,47.363,23055259,0,0
2015-02-03,45.981,46.818000000000005,45.251999999999995,46.176,17154302,0,1
2015-02-04,47.266000000000005,48.403999999999996,46.887,48.081,12173523,0,-1
2015-02-05,48.178999999999995,48.178999999999995,46.367,47.54600000000001,9461769,0,0
2015-02-06,47.576,48.188,46.65,46.898999999999994,8878789,0,0
2015-02-09,45.208,46.015,44.761,45.326,13305762,0,1
2015-02-10,46.172,47.126999999999995,45.68600000000001,46.806000000000004,9323815,0,-1
2015-02-11,47.526,47.683,46.123999999999995,46.357,10325309,0,1
2015-02-12,45.538000000000004,47.244,45.198,46.64,9794908,0,0
2015-02-13,46.3,47.146,45.442,47.136,10158578,0,-1
2015-02-17,47.507,48.169,46.62,46.766000000000005,7453332,0,1
2015-02-18,47.342,48.169,46.931999999999995,48.032,8981390,0,0
2015-02-19,49.464,49.483999999999995,48.306999999999995,48.489,11767595,0,0
2015-02-20,48.518,49.795,47.858000000000004,49.699,10816479,0,0
2015-02-23,50.41,50.849,49.631,49.981,9756879,0,0
2015-02-24,48.986000000000004,50.226000000000006,48.081,50.18600000000001,14270786,0,-1
2015-02-25,49.903999999999996,50.157,48.178999999999995,48.442,9830960,0,0
2015-02-26,49.075,49.075,47.748999999999995,48.071999999999996,7776850,0,0
2015-02-27,47.799,48.119,46.61,46.66,9645353,0,1
2015-03-02,46.951,47.313,46.61,47.058,11788208,0,0
2015-03-03,46.61,47.75899999999999,46.513000000000005,47.507,9291850,0,0
2015-03-04,47.583999999999996,47.693000000000005,46.738,47.683,6889431,0,-1
2015-03-05,47.917,47.926,46.542,47.146,7228206,0,0
2015-03-06,47.078,47.673,46.66,46.748000000000005,7188478,0,0
2015-03-09,46.806000000000004,47.321999999999996,46.348,46.678999999999995,7658553,0,0
2015-03-10,46.27,46.348,45.266000000000005,45.528999999999996,9585352,0,1
2015-03-11,45.68600000000001,46.65,45.373999999999995,46.162,6806585,0,0
2015-03-12,46.338,47.926,46.32899999999999,47.917,7326257,0,0
2015-03-13,47.536,48.208,47.028999999999996,47.946000000000005,9432188,0,0
2015-03-16,48.479,49.144,48.169,48.919,11187447,0,0
2015-03-17,51.266999999999996,52.777,51.141000000000005,52.3,42950181,0,0
2015-03-18,52.3,53.18600000000001,51.96,52.728,21891886,0,0
2015-03-19,53.156000000000006,53.81100000000001,53.038999999999994,53.761,19400153,0,0
2015-03-20,53.761,54.598,53.438,54.317,141430049,0,-1
2015-03-23,54.06100000000001,54.481,52.961999999999996,52.99100000000001,19548289,0,0
2015-03-24,52.64,53.001000000000005,52.271,52.532,12258180,0,0
2015-03-25,52.231,52.388000000000005,50.586000000000006,50.663000000000004,14616353,0,0
2015-03-26,49.523999999999994,50.351000000000006,48.946000000000005,49.931999999999995,14621385,0,1
2015-03-27,50.05,51.481,50.05,51.297,9243294,0,0
2015-03-30,51.783,52.445,51.675,52.251000000000005,8384348,0,-1
2015-03-31,52.271,52.34,51.317,51.411,8609376,0,0
2015-04-01,49.776,50.05,48.813,49.13399999999999,15595410,0,0
2015-04-02,49.174,49.534,47.876999999999995,47.897,14484849,0,0
2015-04-06,47.097,47.428000000000004,46.435,46.835,13677538,0,0
2015-04-07,47.049,47.536,46.26,46.26,9640010,0,1
2015-04-08,46.56100000000001,47.818999999999996,46.493,47.477,11477253,0,-1
2015-04-09,47.593,48.198,46.483999999999995,46.601000000000006,11882443,0,0
2015-04-10,46.913000000000004,47.526,46.483999999999995,46.493,12024732,0,1
2015-04-13,46.24,47.332,46.24,46.552,9598802,0,-1
2015-04-14,46.26,46.542,45.666000000000004,46.192,10141046,0,1
2015-04-15,46.756,47.458,46.435,46.513000000000005,10107943,0,0
2015-04-16,46.571000000000005,47.643,46.513000000000005,46.99,7346134,0,-1
2015-04-17,46.951,47.39,46.708,46.941,8889944,0,1
2015-04-20,47.381,48.489,46.669,48.47,9776731,0,0
2015-04-21,48.706,50.088,48.178999999999995,50.03,11138316,0,0
2015-04-22,50.068999999999996,50.206,49.095,50.068999999999996,7510699,0,0
2015-04-23,49.756,50.381,49.386,50.117,10082840,0,0
2015-04-24,50.635,52.083,50.157,51.346000000000004,20786355,0,-1
2015-04-27,51.297,51.317,50.351000000000006,50.527,10105013,0,0
2015-04-28,50.361000000000004,50.477,48.716,49.864,9481157,0,0
2015-04-29,49.272,49.483999999999995,46.425,47.613,18530117,0,0
2015-04-30,47.341,48.278,46.863,47.126000000000005,9630493,0,1
2015-05-01,47.486999999999995,48.638999999999996,47.351000000000006,48.208999999999996,8282471,0,-1
2015-05-04,48.229,48.883,47.633,47.778999999999996,5726681,0,0
2015-05-05,47.056999999999995,47.54600000000001,45.778999999999996,45.887,11663690,0,1
2015-05-06,45.662,46.501000000000005,45.047,45.916000000000004,10363335,0,0
2015-05-07,46.266999999999996,48.434,46.266999999999996,47.888000000000005,11704611,0,-1
2015-05-08,48.053000000000004,48.638999999999996,47.75899999999999,47.868,6636733,0,1
2015-05-11,47.82899999999999,49.097,47.633,48.463,8233400,0,-1
2015-05-12,47.937,48.218999999999994,47.468,47.683,6987565,0,0
2015-05-13,48.092,48.658,47.243,47.331,8762546,0,1
2015-05-14,47.769,47.918,47.341,47.643,8175515,0,-1
2015-05-15,48.229,48.268,47.4,47.507,6812311,0,1
2015-05-18,47.4,47.995,47.224,47.82899999999999,6302495,0,-1
2015-05-19,48.278,48.49100000000001,46.559,46.706,15351846,0,0
2015-05-20,46.423,46.423,41.943000000000005,42.032,52720447,0,0
2015-05-21,42.157,42.352,41.387,41.45399999999999,24480853,0,1
2015-05-22,41.68,41.903,41.016000000000005,41.592,16507569,0,-1
2015-05-26,42.022,42.06,40.373000000000005,40.566,17907316,0,1
2015-05-27,40.654,41.435,40.605,41.231,13336577,0,-1
2015-05-28,41.24100000000001,41.483000000000004,40.772,40.966,9463532,0,1
2015-05-29,40.664,41.582,40.333,41.357,13560222,0,0
2015-06-01,41.513000000000005,43.32,41.083999999999996,43.123000000000005,22453700,0,-1
2015-06-02,42.263999999999996,43.04600000000001,42.012,42.733000000000004,15193600,0,0
2015-06-03,42.31399999999999,42.86,41.982,42.1,13597513,0,0
2015-06-04,42.022,42.93,40.879,41.161,14473964,0,0
2015-06-05,41.123000000000005,41.563,40.713,40.723,10194780,0,0
2015-06-08,40.088,40.253,38.332,38.907,26388447,0,1
2015-06-09,37.873000000000005,39.747,37.53,39.361999999999995,27686541,0,0
2015-06-10,39.248000000000005,40.225,38.75,39.465,16115314,0,-1
2015-06-11,39.815,40.273,38.986999999999995,39.065,10364468,0,1
2015-06-12,38.887,40.01,38.809,39.736999999999995,10574351,0,-1
2015-06-15,39.387,40.02,39.055,39.11,9046431,0,0
2015-06-16,39.169000000000004,39.357,38.379,38.537,9437582,0,1
2015-06-17,38.332,39.13,37.98,38.927,9801684,0,0
2015-06-18,38.848,39.258,38.663000000000004,39.016999999999996,10907722,0,0
2015-06-19,39.336999999999996,40.888000000000005,39.336999999999996,40.566,20692912,0,0
2015-06-22,41.893,42.217,41.231,42.001999999999995,15490357,0,-1
2015-06-23,41.953,42.382,41.336999999999996,41.705,10964027,0,0
2015-06-24,41.68,41.893,41.065,41.231,7064764,0,0
2015-06-25,41.63,42.382,41.191,41.231,8374264,0,0
2015-06-26,41.426,41.563,40.343,40.45,10060264,0,0
2015-06-29,39.796,40.333,38.643,38.799,18083949,0,1
2015-06-30,39.238,39.633,38.977,38.982,11458393,0,-1
2015-07-01,39.678000000000004,39.923,36.896,37.873000000000005,25516915,0,1
2015-07-02,38.088,38.858000000000004,37.484,38.098,11351325,0,0
2015-07-06,38.155,39.047,38.146,38.78,9381951,0,0
2015-07-07,38.977,39.766999999999996,38.321999999999996,39.698,10629982,0,-1
2015-07-08,39.336999999999996,39.347,38.203,38.37,11467092,0,1
2015-07-09,38.887,39.318000000000005,38.702,38.721,8698720,0,0
2015-07-10,39.54,40.645,39.532,40.225,16854463,0,0
2015-07-13,40.986000000000004,41.7,40.955999999999996,41.406000000000006,12372635,0,-1
2015-07-14,41.036,41.443999999999996,40.303000000000004,41.055,13012495,0,0
2015-07-15,40.403,41.211000000000006,39.426,40.546,18361652,0,0
2015-07-16,40.811,41.211000000000006,40.313,40.403,12407878,0,1
2015-07-17,40.497,40.841,40.253,40.413000000000004,9974310,0,-1
2015-07-20,40.556,40.713,39.474000000000004,39.58,7833028,0,1
2015-07-21,39.532,40.313,39.522,39.923,7478760,0,0
2015-07-22,39.982,40.615,39.982,40.44,8506115,0,0
2015-07-23,41.75899999999999,42.763000000000005,40.996,41.592,16985803,0,-1
2015-07-24,41.973,42.08,38.673,38.681999999999995,20645989,0,1
2015-07-27,38.681999999999995,39.834,37.97,39.179,12366899,0,0
2015-07-28,39.218,40.393,39.218,40.185,8386457,0,-1
2015-07-29,40.107,40.343,39.474000000000004,39.757,6967951,0,0
2015-07-30,39.609,39.953,38.967,39.308,5999195,0,0
2015-07-31,39.56,39.57,38.927,39.14,7126131,0,1
2015-08-03,39.278,40.851,39.248000000000005,40.713,9488664,0,0
2015-08-04,41.141999999999996,41.748999999999995,40.879,41.72,13681213,0,0
2015-08-05,41.824,42.263999999999996,41.571999999999996,41.933,7766642,0,-1
2015-08-06,42.31399999999999,42.51,40.858000000000004,41.268,7558936,0,0
2015-08-07,41.298,41.562,40.504,40.592,5712125,0,1
2015-08-10,40.848,41.512,40.553000000000004,40.779,7012241,0,0
2015-08-11,40.838,42.481,40.75,41.778,10606009,0,-1
2015-08-12,41.453,41.75899999999999,39.801,41.601000000000006,10665440,0,1
2015-08-13,41.833999999999996,42.343,41.356,41.748999999999995,6751809,0,0
2015-08-14,41.434,42.236000000000004,41.434,41.953,4965172,0,0
2015-08-17,42.032,43.059,41.893,43.001000000000005,8570641,0,-1
2015-08-18,43.108000000000004,43.488,42.305,42.687,6456726,0,0
2015-08-19,42.589,43.313,42.275,42.589,8558987,0,0
2015-08-20,41.913000000000004,42.57899999999999,40.876999999999995,41.073,9102440,0,0
2015-08-21,40.504,40.7,38.89,38.89,16600588,0,0
2015-08-24,35.025999999999996,39.04,33.361999999999995,36.806,20046159,0,0
2015-08-25,38.539,38.635999999999996,36.679,36.689,13103667,0,1
2015-08-26,37.931999999999995,38.165,36.171,38.010999999999996,16026370,0,0
2015-08-27,38.323,38.598,37.149,38.185,14098480,0,-1
2015-08-28,38.089,38.723,37.52,37.784,12086265,0,1
2015-08-31,37.794000000000004,38.9,37.784,38.137,12683889,0,0
2015-09-01,37.794000000000004,38.95,37.668,38.353,16397189,0,0
2015-09-02,39.104,40.611999999999995,38.94,40.611999999999995,19743659,0,-1
2015-09-03,40.934,41.004,39.898,40.005,10124542,0,0
2015-09-04,39.525999999999996,40.427,39.282,39.723,9953649,0,1
2015-09-08,40.389,40.681,39.811,39.918,11053738,0,0
2015-09-09,40.259,41.268,39.751999999999995,40.113,12757074,0,0
2015-09-10,40.494,40.974,39.829,40.319,9384216,0,0
2015-09-11,40.329,41.239,40.162,41.239,8826064,0,0
2015-09-14,41.258,41.581,40.934,41.376000000000005,7525233,0,0
2015-09-15,41.443000000000005,41.923,40.983999999999995,41.718999999999994,7164226,0,0
2015-09-16,41.482,42.31399999999999,41.327,42.128,7873361,0,0
2015-09-17,42.178000000000004,43.625,42.06,43.04,13119305,0,-1
2015-09-18,42.49100000000001,43.078,42.343,42.55,12721910,0,0
2015-09-21,42.775,43.059,41.953,42.295,6835006,0,0
2015-09-22,41.843999999999994,42.148,40.035,40.299,12759525,0,1
2015-09-23,40.427,40.602,39.623000000000005,40.349000000000004,8431123,0,-1
2015-09-24,40.259,40.259,39.058,39.381,10739515,0,0
2015-09-25,40.045,40.143,39.058,39.371,7691223,0,0
2015-09-28,39.01,39.312,37.804,38.234,9848670,0,1
2015-09-29,38.204,38.91,37.952,38.333,7644002,0,-1
2015-09-30,38.333,38.821999999999996,36.904,37.991,16173450,0,1
2015-10-01,37.668,38.42,37.022,38.353,9377795,0,-1
2015-10-02,37.912,37.931999999999995,36.611,37.794000000000004,12547540,0,1
2015-10-05,38.059,39.43,37.981,39.321999999999996,9630034,0,-1
2015-10-06,39.086,39.497,37.256,37.304,13319944,0,1
2015-10-07,37.58,38.559,36.943000000000005,38.46,10746084,0,0
2015-10-08,38.363,39.162,37.863,38.88,8491734,0,0
2015-10-09,39.4,41.571000000000005,39.381,41.501999999999995,17207002,0,0
2015-10-12,41.669,42.931999999999995,41.629,42.891999999999996,11695577,0,-1
2015-10-13,41.769,43.02,41.601000000000006,42.471000000000004,13543068,0,1
2015-10-14,43.049,43.537,42.295,42.852,11371610,0,0
2015-10-15,43.145,43.518,42.559,43.498000000000005,8366221,0,-1
2015-10-16,43.001000000000005,43.068000000000005,41.933,42.765,11828695,0,1
2015-10-19,42.882,43.528,42.677,43.488,9132082,0,0
2015-10-20,43.576,44.202,43.488,43.821000000000005,6510755,0,-1
2015-10-21,43.528,44.201,43.136,43.353,7094621,0,1
2015-10-22,43.919,45.013999999999996,43.402,44.995,14763869,0,-1
2015-10-23,45.367,45.417,42.861999999999995,44.681999999999995,20729678,0,1
2015-10-26,44.38,45.562,44.018,45.465,11269913,0,-1
2015-10-27,45.407,45.681000000000004,44.662,45.455,6974831,0,0
2015-10-28,45.201,45.358000000000004,44.251000000000005,44.868,7798340,0,0
2015-10-29,44.641999999999996,45.102,44.231,44.868,5349993,0,0
2015-10-30,44.781000000000006,45.75899999999999,44.722,45.221000000000004,8779558,0,0
2015-11-02,45.201,45.806999999999995,45.201,45.465,6326115,0,0
2015-11-03,46.102,46.17100000000001,45.181000000000004,45.591,7122191,0,-1
2015-11-04,45.513999999999996,45.543,44.268,44.74,8241082,0,0
2015-11-05,44.809,44.93600000000001,44.151,44.71,5982243,0,0
2015-11-06,44.621,45.073,44.169,44.456,11901867,0,0
2015-11-09,44.288000000000004,44.328,43.691,43.778999999999996,7358208,0,0
2015-11-10,43.787,44.278,43.159,43.621,6053434,0,0
2015-11-11,43.886,44.073,43.504,43.523999999999994,4504812,0,0
2015-11-12,43.426,43.651,42.966,43.044,6069445,0,0
2015-11-13,42.816,43.368,42.278,42.603,7635099,0,0
2015-11-16,41.582,42.004,41.034,41.994,10404137,0,0
2015-11-17,42.161,42.611999999999995,41.23,41.473,9787503,0,0
2015-11-18,41.493,41.493,40.209,40.934,11291351,0,1
2015-11-19,41.121,41.895,41.073,41.473,6675675,0,-1
2015-11-20,41.571999999999996,41.875,41.23,41.376999999999995,5768473,0,1
2015-11-23,41.288999999999994,41.905,40.994,41.473,4248917,0,-1
2015-11-24,40.219,40.828,39.66,40.426,7728727,0,1
2015-11-25,40.542,40.69,40.16,40.503,4361719,0,0
2015-11-27,40.571999999999996,41.426,40.368,40.876999999999995,3127739,0,-1
2015-11-30,40.934,41.17,40.179,40.455,6579192,0,1
2015-12-01,40.66,42.456,40.493,42.416000000000004,9090256,0,0
2015-12-02,43.229,43.661,42.681000000000004,42.966,8169708,0,-1
2015-12-03,42.797,43.73,42.083,42.426,7379258,0,1
2015-12-04,42.966,44.111999999999995,42.966,44.093,9649204,0,0
2015-12-07,44.466,45.581,44.338,44.887,9089074,0,-1
2015-12-08,44.218,44.621,43.208999999999996,43.681000000000004,9223653,0,0
2015-12-09,43.43600000000001,44.308,42.346000000000004,42.797,8160249,0,1
2015-12-10,42.93600000000001,43.611999999999995,42.691,43.229,8113944,0,-1
2015-12-11,42.43600000000001,42.739,41.24,41.269,10438917,0,0
2015-12-14,41.435,42.034,40.278,40.954,10992604,0,1
2015-12-15,41.15,41.983999999999995,41.101000000000006,41.771,7238561,0,0
2015-12-16,42.151,42.641999999999996,41.299,42.356,8007160,0,-1
2015-12-17,42.483999999999995,43.093,41.621,41.631,7368700,0,0
2015-12-18,40.799,41.483000000000004,39.906,40.288000000000004,18164381,0,1
2015-12-21,40.542,41.602,40.542,41.571999999999996,6728811,0,0
2015-12-22,41.731,42.239,41.533,42.059,5818273,0,0
2015-12-23,41.945,42.534,41.602,42.446000000000005,6214884,0,0
2015-12-24,42.426,43.328,42.268,42.956,3372930,0,-1
2015-12-28,42.769,43.178999999999995,42.073,42.386,4230605,0,1
2015-12-29,42.406000000000006,42.769,42.191,42.652,4086690,0,-1
2015-12-30,42.787,42.787,41.631,41.965,5179393,0,0
2015-12-31,41.711000000000006,41.74100000000001,41.013999999999996,41.523,6302723,0,0
2016-01-04,40.483000000000004,40.543,39.513000000000005,40.111,11912819,0,0
2016-01-05,40.378,40.68,39.168,39.73,10152872,0,1
2016-01-06,39.268,40.885999999999996,39.218,40.426,12050929,0,-1
2016-01-07,40.17,40.71,38.906,39.66,10947946,0,0
2016-01-08,40.141,40.552,39.475,39.580999999999996,8372610,0,1
2016-01-11,39.769,40.398,39.119,40.278,16193530,0,0
2016-01-12,40.348,41.533,39.69,41.18,12311763,0,-1
2016-01-13,41.347,41.905,38.885999999999996,39.318000000000005,12069547,0,1
2016-01-14,39.427,39.984,38.103,39.759,11105517,0,-1
2016-01-15,38.278,39.109,37.623000000000005,38.005,18159544,0,1
2016-01-19,38.817,39.006,37.465,38.103,10715004,0,0
2016-01-20,37.777,39.069,35.494,38.297,15504121,0,0
2016-01-21,38.169000000000004,39.218,37.278,39.016,9024792,0,0
2016-01-22,39.218,39.926,38.797,39.378,6881147,0,-1
2016-01-25,39.238,39.378,38.063,38.123000000000005,9247133,0,1
2016-01-26,37.975,38.976,37.689,38.866,7501387,0,0
2016-01-27,39.368,40.073,38.709,38.916,9281723,0,-1
2016-01-28,38.836,39.016,36.925,37.395,16423002,0,1
2016-01-29,36.787,38.321999999999996,35.884,38.228,19690668,0,0
2016-02-01,38.238,39.158,37.876,38.613,12096738,0,-1
2016-02-02,38.073,38.208,36.279,36.308,11929476,0,1
2016-02-03,36.650999999999996,36.875,35.058,36.777,11627277,0,0
2016-02-04,36.611999999999995,37.846,35.983000000000004,37.465,8293456,0,-1
2016-02-05,36.974000000000004,37.738,35.819,36.032,9401814,0,0
2016-02-08,35.473,35.55,34.176,34.951,11545595,0,1
2016-02-09,34.342,36.132,34.321999999999996,35.58,10426723,0,0
2016-02-10,35.954,37.006,35.915,36.495,7786263,0,-1
2016-02-11,35.855,36.594,35.56,35.875,6204725,0,1
2016-02-12,36.3,37.34,35.808,37.183,8942730,0,0
2016-02-16,37.489000000000004,38.119,36.897,37.96,6579767,0,0
2016-02-17,38.293,39.157,38.214,38.677,8071652,0,0
2016-02-18,38.696,39.014,38.303000000000004,38.874,9252482,0,0
2016-02-19,38.501,39.396,38.382,39.09,10789490,0,0
2016-02-22,39.466,40.241,39.396,40.150999999999996,9635176,0,-1
2016-02-23,39.876999999999995,40.122,39.494,39.7,6033496,0,1
2016-02-24,39.347,40.141999999999996,38.725,39.976,5895013,0,0
2016-02-25,40.074,40.683,39.73,40.663000000000004,6572777,0,-1
2016-02-26,40.802,40.899,39.7,40.181,6786991,0,1
2016-02-29,40.083,40.644,39.818000000000005,40.31,5209533,0,0
2016-03-01,40.743,41.31399999999999,40.37,41.125,7558154,0,-1
2016-03-02,40.772,41.096000000000004,40.594,40.889,7619722,0,1
2016-03-03,40.821,41.528,40.535,41.174,8319605,0,-1
2016-03-04,41.458999999999996,41.458999999999996,40.723,40.928000000000004,9509163,0,1
2016-03-07,40.614000000000004,41.518,40.211,41.42100000000001,6604308,0,-1
2016-03-08,40.604,40.713,39.376999999999995,40.083,7946478,0,1
2016-03-09,40.054,41.018,39.838,40.948,8039157,0,-1
2016-03-10,41.401,41.401,40.221,40.928000000000004,5913771,0,1
2016-03-11,41.184,41.785,40.998000000000005,41.757,5606049,0,0
2016-03-14,41.597,41.981,41.411,41.871,4646236,0,-1
2016-03-15,41.586999999999996,41.772,41.273999999999994,41.401,4521506,0,1
2016-03-16,41.105,41.717,40.889,41.597,4875033,0,-1
2016-03-17,41.597,41.597,41.115,41.391000000000005,6062722,0,1
2016-03-18,41.597,42.79600000000001,41.047,42.708,13981410,0,0
2016-03-21,42.591,43.043,42.551,42.738,4837844,0,-1
2016-03-22,41.294,42.295,41.135,42.041000000000004,6836718,0,0
2016-03-23,42.08,42.138000000000005,40.879,41.214,9747529,0,0
2016-03-24,41.174,41.244,39.513000000000005,39.818000000000005,12729512,0,1
2016-03-28,40.31,40.644,39.65,40.221,6327875,0,0
2016-03-29,40.211,40.732,40.083,40.653,6479244,0,0
2016-03-30,41.047,41.361999999999995,40.663000000000004,40.683,5803689,0,-1
2016-03-31,40.802,40.978,40.29,40.32,7846908,0,0
2016-04-01,39.455999999999996,39.485,38.61,38.854,10607964,0,0
2016-04-04,39.138000000000005,39.561,38.493,38.705999999999996,7450812,0,0
2016-04-05,38.472,38.715,38.089,38.274,7307281,0,0
2016-04-06,38.412,38.412,37.693000000000005,38.244,5473248,0,0
2016-04-07,38.01,38.391999999999996,37.271,37.713,7589280,0,1
2016-04-08,38.049,38.069,37.479,37.851,5654262,0,0
2016-04-11,38.137,38.884,38.02,38.079,7461890,0,0
2016-04-12,38.165,38.765,38.109,38.531,5492126,0,0
2016-04-13,38.638000000000005,39.336999999999996,38.234,39.266999999999996,11734650,0,0
2016-04-14,39.66,40.958,39.571,40.475,9621873,0,-1
2016-04-15,40.604,40.663000000000004,40.034,40.221,6433879,0,1
2016-04-18,40.485,40.565,39.754,40.231,4912109,0,0
2016-04-19,40.3,41.056999999999995,40.275999999999996,40.644,6261457,0,-1
2016-04-20,40.663000000000004,41.008,40.418,40.565,4683124,0,0
2016-04-21,40.111999999999995,40.241,39.128,39.336999999999996,10215707,0,0
2016-04-22,37.046,37.841,36.385999999999996,37.567,20018089,0,0
2016-04-25,37.516999999999996,37.751999999999995,36.295,36.376,12279512,0,0
2016-04-26,36.644,36.857,35.649,36.3,14355758,0,0
2016-04-27,36.171,36.663000000000004,35.905,36.092,11830672,0,0
2016-04-28,36.415,36.465,35.286,35.365,9269099,0,0
2016-04-29,35.205999999999996,35.226,33.528,34.106,16384003,0,0
2016-05-02,34.5,34.673,33.919000000000004,33.949,8381820,0,1
2016-05-03,34.273,34.283,33.376,34.096,10073716,0,-1
2016-05-04,33.692,33.82,32.539,32.745,12276421,0,0
2016-05-05,32.814,33.052,32.271,32.346,11106004,0,1
2016-05-06,32.213,32.686,31.739,32.558,11844848,0,-1
2016-05-09,32.568000000000005,33.326,32.479,32.479,7671601,0,1
2016-05-10,32.775,33.326,32.626999999999995,33.296,7611787,0,-1
2016-05-11,33.207,33.564,32.39,32.399,7670761,0,0
2016-05-12,32.548,32.558,30.851,30.891,13743729,0,1
2016-05-13,30.655,31.561999999999998,30.645,31.069000000000003,9578217,0,0
2016-05-16,31.364,31.848000000000003,30.557,31.671,11611237,0,0
2016-05-17,31.798000000000002,32.824,31.572,32.184,12684776,0,-1
2016-05-18,32.154,32.891999999999996,31.886999999999997,32.154,7854095,0,0
2016-05-19,31.828000000000003,32.135,31.245,31.7,8179424,0,0
2016-05-20,31.848000000000003,32.351,31.503,31.557,6628688,0,0
2016-05-23,31.581999999999997,31.838,31.255,31.284000000000002,6142610,0,1
2016-05-24,31.444000000000003,31.823,31.404,31.7,6481173,0,0
2016-05-25,31.936999999999998,32.439,31.651,31.71,6796763,0,-1
2016-05-26,31.68,31.888,30.93,31.069000000000003,6756470,0,1
2016-05-27,31.159000000000002,31.394000000000002,30.974,31.209,8106503,0,0
2016-05-31,31.304000000000002,31.523000000000003,30.891,31.464000000000002,8100627,0,0
2016-06-01,31.494,31.808000000000003,31.284000000000002,31.503,5918261,0,-1
2016-06-02,31.226,31.621,31.139,31.226,6491798,0,0
2016-06-03,31.149,31.149,29.944000000000003,30.378,12022474,0,1
2016-06-06,30.339000000000002,30.861,29.954,30.823,7826231,0,0
2016-06-07,31.02,32.409,30.665,31.906999999999996,11807840,0,0
2016-06-08,32.174,32.509,31.768,32.055,7819115,0,0
2016-06-09,31.798000000000002,33.111,31.798000000000002,32.931999999999995,7687439,0,-1
2016-06-10,32.341,33.010999999999996,32.184,32.676,7610718,0,0
2016-06-13,32.529,32.529,31.199,31.354,8725884,0,0
2016-06-14,31.364,31.523000000000003,29.6,29.934,12496383,0,1
2016-06-15,30.221999999999998,30.665,30.024,30.063000000000002,7063675,0,-1
2016-06-16,29.381999999999998,29.381999999999998,28.613000000000003,28.733,17433869,0,1
2016-06-17,28.693,29.136999999999997,28.445999999999998,28.928,13469763,0,0
2016-06-20,29.333000000000002,29.964000000000002,29.226999999999997,29.293000000000003,7994262,0,0
2016-06-21,29.866,29.964000000000002,29.273000000000003,29.6,8494311,0,-1
2016-06-22,29.63,29.905,29.401999999999997,29.461,6072515,0,1
2016-06-23,29.826999999999998,30.063000000000002,29.353,29.905,8768829,0,-1
2016-06-24,27.805,28.1,26.660999999999998,26.660999999999998,22656496,0,0
2016-06-27,26.475,26.475,24.502,24.916,21803173,0,1
2016-06-28,25.754,26.505,25.398000000000003,26.395,18605152,0,0
2016-06-29,26.564,27.671999999999997,26.564,27.311,14467032,0,0
2016-06-30,27.471,27.915,27.105,27.915,10858671,0,0
2016-07-01,27.865,29.107,27.805,28.918000000000003,12711076,0,-1
2016-07-05,28.683000000000003,28.753,27.795,28.525,8964162,0,0
2016-07-06,27.371,28.002,26.74,27.953000000000003,17842094,0,1
2016-07-07,27.991999999999997,29.057,27.915,28.988000000000003,11406052,0,0
2016-07-08,29.381999999999998,29.851999999999997,29.283,29.62,12641980,0,0
2016-07-11,29.807,31.0,29.796999999999997,30.725,11926844,0,0
2016-07-12,32.321,34.402,32.291,34.176,24342236,0,-1
2016-07-13,34.51,34.796,33.637,33.969,14558714,0,1
2016-07-14,34.619,35.683,34.51,35.378,16242799,0,0
2016-07-15,35.013000000000005,35.554,34.826,35.378,8478674,0,0
2016-07-18,35.525,35.833,35.259,35.525,7829796,0,-1
2016-07-19,35.279,35.574,34.836,35.507,7776125,0,0
2016-07-20,35.564,36.211,34.895,35.417,12585816,0,0
2016-07-21,34.609,35.063,33.959,34.471,15714251,0,1
2016-07-22,35.939,36.048,35.102,35.851,14328746,0,-1
2016-07-25,35.842,35.889,35.023,35.299,9359031,0,1
2016-07-26,35.407,36.167,35.150999999999996,36.038000000000004,8548196,0,-1
2016-07-27,35.988,36.088,35.397,35.693000000000005,6267159,0,1
2016-07-28,35.564,36.018,35.249,35.833,5982693,0,-1
2016-07-29,35.753,36.225,35.003,35.003,8711270,0,1
2016-08-01,35.043,35.249,34.609,35.102,6737530,0,-1
2016-08-02,34.895,34.905,32.912,33.042,10974056,0,1
2016-08-03,33.101,33.584,32.803000000000004,33.111,7471017,0,0
2016-08-04,33.199,33.397,32.635999999999996,33.208,5751595,0,0
2016-08-05,33.336999999999996,34.336999999999996,33.306999999999995,34.059,15302338,0,-1
2016-08-08,33.842,34.494,33.742,33.971,5716937,0,1
2016-08-09,34.821,35.108000000000004,34.159,34.207,6805055,0,-1
2016-08-10,34.207,34.366,33.367,33.802,5441588,0,1
2016-08-11,33.872,34.692,33.861999999999995,34.574,7127847,0,-1
2016-08-12,34.357,34.781,34.277,34.534,5748217,0,1
2016-08-15,34.574,35.652,34.514,35.474000000000004,6835057,0,0
2016-08-16,35.275999999999996,36.383,35.236,36.343,8815364,0,-1
2016-08-17,36.275999999999996,36.343,35.791,36.196,7872611,0,1
2016-08-18,36.027,36.291,35.652,36.266,4918969,0,-1
2016-08-19,36.037,36.333,35.702,36.086999999999996,6298788,0,0
2016-08-22,35.929,36.077,35.464,35.602,4883129,0,1
2016-08-23,35.919000000000004,36.246,35.781,35.997,5095484,0,0
2016-08-24,35.869,36.582,35.792,36.246,5365355,0,0
2016-08-25,35.938,36.532,35.919000000000004,36.314,5151934,0,-1
2016-08-26,36.275999999999996,36.431999999999995,35.622,35.85,5642144,0,0
2016-08-29,35.731,36.007,35.652,35.771,4385312,0,1
2016-08-30,35.059,36.942,34.959,36.641999999999996,13722356,0,-1
2016-08-31,36.562,36.571999999999996,35.236,35.899,12080193,0,0
2016-09-01,36.126999999999995,36.305,35.484,35.84,6181463,0,1
2016-09-02,35.602,36.296,35.602,36.126999999999995,5111658,0,0
2016-09-06,36.047,36.562,35.958,36.552,4777358,0,0
2016-09-07,37.086999999999996,39.083,37.007,38.311,13016757,0,0
2016-09-08,38.251999999999995,38.976,38.006,38.906,6370384,0,-1
2016-09-09,38.571,38.906,37.748000000000005,38.066,8116334,0,0
2016-09-12,36.808,37.955999999999996,36.216,37.916,10821844,0,0
2016-09-13,37.698,37.887,36.808,36.957,8752403,0,0
2016-09-14,36.592,36.788000000000004,35.85,35.986999999999995,7597576,0,1
2016-09-15,35.909,36.226,35.454,36.007,7486944,0,-1
2016-09-16,35.859,35.958,35.078,35.098,9045344,0,0
2016-09-19,35.266,35.711,34.959,35.049,5142148,0,0
2016-09-20,35.356,35.464,34.742,34.760999999999996,5694739,0,0
2016-09-21,34.614000000000004,34.760999999999996,33.527,34.287,9696348,0,1
2016-09-22,34.574,35.632,34.465,34.861,7018542,0,0
2016-09-23,34.911,35.275999999999996,34.574,35.157,4337266,0,-1
2016-09-26,34.801,35.153,34.475,34.544000000000004,6926948,0,1
2016-09-27,34.594,35.726,34.514,35.602,4742371,0,-1
2016-09-28,35.701,36.452,35.38,35.444,5870329,0,0
2016-09-29,35.256,36.196,35.205999999999996,35.424,5890241,0,1
2016-09-30,35.582,36.582,35.464,36.205999999999996,6629132,0,0
2016-10-03,36.056999999999995,37.332,35.929,37.283,8433727,0,-1
2016-10-04,37.966,38.351,37.135999999999996,37.215,8488630,0,1
2016-10-05,37.402,37.693000000000005,36.897,37.452,4451525,0,0
2016-10-06,37.412,37.797,37.155,37.748000000000005,4872170,0,-1
2016-10-07,37.827,38.056999999999995,36.986999999999995,37.312,4852520,0,1
2016-10-10,37.531,38.521,37.056999999999995,38.461,6514233,0,-1
2016-10-11,39.547,39.547,37.64,37.777,9332768,0,0
2016-10-12,37.698,37.961,36.946999999999996,36.967,7112275,0,1
2016-10-13,36.542,39.065,36.394,38.806,14201311,0,-1
2016-10-14,39.016,39.48,38.158,38.222,8420646,0,0
2016-10-17,38.232,39.291,37.946,38.153,5192013,0,1
2016-10-18,38.411,39.451,38.411,38.916,9956451,0,0
2016-10-19,39.046,40.36,38.966,40.251,12202300,0,-1
2016-10-20,40.477,40.477,38.981,40.141,14076098,0,0
2016-10-21,39.529,39.801,39.211,39.461,9201528,0,0
2016-10-24,39.806,40.101,39.330999999999996,39.391,6351848,0,0
2016-10-25,39.221,39.984,38.926,39.251,5913624,0,0
2016-10-26,38.144,39.816,37.787,38.885999999999996,10008795,0,1
2016-10-27,39.016,39.736,38.826,39.47,6434695,0,0
2016-10-28,39.411,40.121,39.361,39.616,6680021,0,0
2016-10-31,39.865,40.36,39.635999999999996,40.150999999999996,6027658,0,-1
2016-11-01,40.062,40.4,39.126,39.361,9129509,0,0
2016-11-02,39.281,39.806,39.181,39.271,5333370,0,0
2016-11-03,39.441,39.897,38.965,39.045,6058337,0,1
2016-11-04,38.935,39.876999999999995,38.905,39.400999999999996,6775439,0,0
2016-11-07,40.044000000000004,41.295,39.966,41.135,8264919,0,0
2016-11-08,41.066,41.492,40.669000000000004,41.343,5707306,0,0
2016-11-09,40.413000000000004,42.38399999999999,40.093,42.048,8253029,0,-1
2016-11-10,42.343999999999994,43.02,41.788999999999994,41.938,8446810,0,1
2016-11-11,41.711000000000006,42.583,41.325,42.563,6504213,0,0
2016-11-14,42.643,43.236999999999995,42.613,43.03,7840661,0,0
2016-11-15,44.615,44.894,43.217,44.378,13280164,0,-1
2016-11-16,44.278,44.413000000000004,43.555,44.07,6161615,0,1
2016-11-17,44.011,45.458,43.673,45.43899999999999,8456023,0,0
2016-11-18,45.756,46.092,45.23,45.855,7495360,0,-1
2016-11-21,46.062,46.351000000000006,45.556000000000004,45.68600000000001,6453497,0,0
2016-11-22,45.636,46.548,45.556000000000004,45.68600000000001,5737491,0,0
2016-11-23,45.656000000000006,45.994,45.31,45.943999999999996,4963483,0,0
2016-11-25,45.943999999999996,46.46,45.903999999999996,46.42,2246383,0,-1
2016-11-28,46.24100000000001,46.483999999999995,45.27,46.102,7232614,0,1
2016-11-29,46.192,46.736999999999995,45.776,46.488,4894983,0,-1
2016-11-30,45.746,46.46,45.031000000000006,46.042,7569233,0,0
2016-12-01,45.805,46.687,45.27,45.358999999999995,7022736,0,1
2016-12-02,45.696000000000005,46.46,45.516999999999996,45.706,6192993,0,-1
2016-12-05,46.052,46.141999999999996,45.19,45.33,5209907,0,1
2016-12-06,45.766000000000005,46.152,45.527,46.032,5002489,0,0
2016-12-07,46.211999999999996,48.516000000000005,46.122,48.233999999999995,9689665,0,-1
2016-12-08,48.184,48.184,47.292,47.638999999999996,6243708,0,1
2016-12-09,48.849,50.207,48.324,49.216,9664875,0,-1
2016-12-12,48.74,48.919,47.034,47.183,8443757,0,1
2016-12-13,47.53,48.075,47.302,47.431000000000004,6071167,0,0
2016-12-14,47.431000000000004,48.333,47.397,47.51,5023228,0,0
2016-12-15,47.68899999999999,49.523,47.68899999999999,47.887,7388415,0,-1
2016-12-16,48.193999999999996,48.65,47.153,47.223,8469978,0,1
2016-12-19,47.48,48.184,47.332,48.165,4645309,0,0
2016-12-20,48.085,49.077,48.085,48.799,4690451,0,0
2016-12-21,48.919,49.473,48.809,49.047,3799752,0,-1
2016-12-22,48.928000000000004,49.027,48.045,48.273999999999994,3524373,0,0
2016-12-23,48.193999999999996,48.423,47.872,48.065,2895098,0,1
2016-12-27,47.876999999999995,48.501000000000005,47.728,48.193999999999996,2765405,0,-1
2016-12-28,48.31399999999999,48.413000000000004,47.203,47.263000000000005,4109818,0,0
2016-12-29,47.391999999999996,47.589,46.558,46.846000000000004,3689989,0,0
2016-12-30,47.013999999999996,47.253,46.071999999999996,46.291000000000004,4533779,0,0
2017-01-03,46.876000000000005,46.93600000000001,45.74100000000001,45.903999999999996,6709362,0,1
2017-01-04,46.232,47.028999999999996,45.95399999999999,46.301,5750132,0,-1
2017-01-05,46.122,46.528,45.22,45.507,6292690,0,1
2017-01-06,45.458,46.321000000000005,45.081,45.815,7071325,0,0
2017-01-09,45.61600000000001,46.93600000000001,45.388999999999996,46.678000000000004,4554264,0,0
2017-01-10,46.598,48.095,46.568000000000005,48.065,7269467,0,0
2017-01-11,48.869,49.473,47.68899999999999,48.224,6368939,0,-1
2017-01-12,48.254,48.581,46.44,47.68899999999999,5345892,0,0
2017-01-13,47.748000000000005,48.016000000000005,47.133,47.243,3510597,0,0
2017-01-17,47.153,47.342,46.271,46.351000000000006,5265848,0,1
2017-01-18,46.321000000000005,47.391999999999996,46.251000000000005,47.233000000000004,4921797,0,-1
2017-01-19,47.233000000000004,47.678999999999995,46.479,46.856,3709919,0,1
2017-01-20,47.133,47.748000000000005,46.836000000000006,47.589,5486519,0,-1
2017-01-23,47.49,47.678999999999995,46.351000000000006,46.538000000000004,4135251,0,1
2017-01-24,46.648,47.391999999999996,46.4,47.133,4870662,0,0
2017-01-25,47.49,47.798,47.203,47.5,4491853,0,0
2017-01-26,48.016000000000005,49.285,47.986000000000004,49.166000000000004,10075666,0,-1
2017-01-27,49.571999999999996,49.571999999999996,46.321000000000005,46.548,18594721,0,0
2017-01-30,45.23,45.527,43.486000000000004,44.507,16129403,0,0
2017-01-31,44.408,44.457,43.368,43.872,11151281,0,0
2017-02-01,44.368,44.615,43.535,43.673,7893687,0,0
2017-02-02,43.236999999999995,44.138999999999996,43.196999999999996,43.633,7627666,0,1
2017-02-03,43.931999999999995,44.168,43.388999999999996,43.821999999999996,6412742,0,0
2017-02-06,44.418,45.21,44.358000000000004,44.913000000000004,6341177,0,-1
2017-02-07,45.358999999999995,45.736000000000004,44.625,44.784,5699376,0,0
2017-02-08,44.873999999999995,44.873999999999995,44.129,44.674,4158073,0,1
2017-02-09,44.784,46.303999999999995,44.653999999999996,46.006,6884925,0,0
2017-02-10,46.325,46.403999999999996,45.878,46.155,3998004,0,0
2017-02-13,46.265,47.476000000000006,46.205,47.108999999999995,5893249,0,-1
2017-02-14,46.96,46.979,46.155,46.275,5300963,0,1
2017-02-15,47.288000000000004,47.745,46.632,47.239,8118095,0,-1
2017-02-16,47.199,47.348,46.364,46.672,5616755,0,0
2017-02-17,46.532,46.802,46.135,46.611999999999995,4384988,0,0
2017-02-21,46.711999999999996,46.97,46.288000000000004,46.512,4442613,0,0
2017-02-22,46.205,46.403999999999996,45.578,46.025,5477819,0,0
2017-02-23,46.125,47.019,45.598,45.808,5235099,0,1
2017-02-24,45.708,46.006,45.291000000000004,45.986999999999995,4402289,0,0
2017-02-27,45.888000000000005,46.065,45.391000000000005,46.025,3869379,0,0
2017-02-28,46.025,46.424,45.738,46.065,4601901,0,0
2017-03-01,46.492,47.83,46.403999999999996,46.792,7970460,0,-1
2017-03-02,46.373999999999995,46.443999999999996,45.351000000000006,45.431000000000004,7098685,0,1
2017-03-03,45.558,46.96,45.48,46.522,7128616,0,-1
2017-03-06,46.115,46.38399999999999,44.098,45.022,11100069,0,0
2017-03-07,44.733999999999995,44.943999999999996,44.277,44.555,4397013,0,1
2017-03-08,44.507,45.012,44.31399999999999,44.605,5272732,0,-1
2017-03-09,44.217,44.644,42.976000000000006,43.055,9333331,0,1
2017-03-10,43.184,43.67100000000001,42.698,43.621,6761131,0,-1
2017-03-13,43.363,43.84,41.992,42.101000000000006,8938999,0,0
2017-03-14,41.793,41.833,40.580999999999996,40.948,10273639,0,1
2017-03-15,40.243,41.922,39.955999999999996,41.823,14075499,0,0
2017-03-16,41.912,42.081,41.187,41.861999999999995,7103334,0,-1
2017-03-17,41.733999999999995,41.946000000000005,41.336000000000006,41.455,9061130,0,0
2017-03-20,41.912,42.146,41.187,41.435,6269576,0,0
2017-03-21,41.614,41.714,40.084,40.163000000000004,7989359,0,0
2017-03-22,39.528,40.293,38.961999999999996,40.093,10006517,0,1
2017-03-23,40.442,41.593999999999994,40.223,41.147,9577347,0,0
2017-03-24,41.425,41.798,41.157,41.465,6521891,0,0
2017-03-27,40.81,41.623999999999995,40.303000000000004,41.475,5647489,0,0
2017-03-28,41.565,42.658,41.287,42.32899999999999,5961909,0,-1
2017-03-29,42.419,42.489,41.604,41.693999999999996,5293497,0,1
2017-03-30,41.583999999999996,42.369,41.525,42.27,3668941,0,-1
2017-03-31,42.101000000000006,42.668,42.007,42.032,5326071,0,1
2017-04-03,42.06100000000001,42.3,41.361000000000004,42.181000000000004,5801522,0,-1
2017-04-04,41.823,41.961999999999996,40.561,40.64,7252169,0,1
2017-04-05,40.889,41.861999999999995,40.8,41.048,6930993,0,0
2017-04-06,41.137,41.693999999999996,40.899,41.455,3572711,0,0
2017-04-07,41.266999999999996,41.833,41.018,41.545,4163402,0,0
2017-04-10,41.545,42.398999999999994,41.356,42.052,4362884,0,0
2017-04-11,42.50899999999999,43.67100000000001,42.143,43.651,10335175,0,0
2017-04-12,44.507,45.062,43.552,43.681000000000004,9692564,0,-1
2017-04-13,43.67100000000001,43.74,43.06,43.075,5386345,0,1
2017-04-17,43.193999999999996,43.97,43.085,43.95,4202012,0,-1
2017-04-18,43.75,44.247,43.125,43.533,5668755,0,1
2017-04-19,43.79,44.492,43.621,44.118,6504370,0,0
2017-04-20,44.427,45.091,44.277,44.934,4937531,0,-1
2017-04-21,45.211000000000006,45.211000000000006,44.699,44.864,4995615,0,1
2017-04-24,45.211000000000006,46.145,45.181000000000004,46.145,6375588,0,0
2017-04-25,46.501999999999995,47.089,46.085,46.315,5997624,0,-1
2017-04-26,46.215,46.602,45.946999999999996,46.095,6056005,0,0
2017-04-27,43.631,43.93,42.141000000000005,43.701,19107752,0,0
2017-04-28,43.74,43.78,42.29,42.349,13443260,0,0
2017-05-01,42.489,42.688,41.744,41.813,8634237,0,1
2017-05-02,41.793,43.631,41.784,43.592,9381647,0,0
2017-05-03,43.393,43.89,43.145,43.641000000000005,5168983,0,-1
2017-05-04,43.9,44.108000000000004,42.92100000000001,43.636,4504430,0,1
2017-05-05,43.72,44.236999999999995,43.493,44.227,5497673,0,0
2017-05-08,44.317,44.75899999999999,44.232,44.653999999999996,6230186,0,0
2017-05-09,45.111000000000004,46.998999999999995,44.964,46.792,11186253,0,0
2017-05-10,46.732,47.476000000000006,46.373999999999995,46.998999999999995,7426945,0,-1
2017-05-11,46.911,46.94,45.361000000000004,46.245,6115505,0,0
2017-05-12,46.065,46.245,45.537,45.637,3896207,0,1
2017-05-15,45.507,46.793,45.498000000000005,46.483999999999995,5549355,0,0
2017-05-16,46.593,46.934,44.551,46.743,4644620,0,-1
2017-05-17,46.055,46.364,44.691,44.74100000000001,6935497,0,0
2017-05-18,44.213,45.208999999999996,44.193000000000005,44.463,6654675,0,1
2017-05-19,44.611000000000004,45.18899999999999,44.551,45.028999999999996,6763777,0,0
2017-05-22,45.138999999999996,46.055,45.138999999999996,46.015,4434205,0,0
2017-05-23,46.075,46.493,45.747,46.464,3017140,0,0
2017-05-24,46.543,47.231,46.45399999999999,46.573,3906219,0,0
2017-05-25,46.793,47.918,46.623000000000005,47.818000000000005,5464653,0,0
2017-05-26,47.589,48.615,47.528999999999996,48.535,6004512,0,-1
2017-05-30,48.117,48.373000000000005,47.589,47.758,5536081,0,1
2017-05-31,47.997,48.276,47.33,48.206,4505117,0,0
2017-06-01,48.29600000000001,49.152,48.097,48.843999999999994,4439923,0,0
2017-06-02,49.352,50.258,49.162,49.312,7733103,0,0
2017-06-05,49.321999999999996,49.74,49.192,49.531000000000006,5489718,0,0
2017-06-06,49.262,49.89,49.111999999999995,49.531000000000006,4491843,0,0
2017-06-07,49.232,50.696000000000005,48.595,50.646,7107181,0,0
2017-06-08,50.646,51.652,50.198,51.214,6564140,0,-1
2017-06-09,51.393,51.732,50.038000000000004,50.058,7234739,0,0
2017-06-12,49.89,50.00899999999999,47.898,49.272,8633895,0,0
2017-06-13,49.352,49.7,48.635,49.242,5172978,0,0
2017-06-14,49.431999999999995,49.57,48.684,49.181999999999995,4044705,0,0
2017-06-15,48.934,49.111999999999995,48.167,48.903999999999996,4598963,0,0
2017-06-16,48.693999999999996,49.242,48.416000000000004,48.585,6649436,0,1
2017-06-19,48.924,49.511,48.61,49.451,4111769,0,-1
2017-06-20,49.013000000000005,49.152,47.808,47.828,6059908,0,1
2017-06-21,48.126999999999995,48.43600000000001,47.928000000000004,48.226000000000006,3484167,0,0
2017-06-22,50.288000000000004,50.348,48.585,48.763999999999996,9831068,0,-1
2017-06-23,48.794,48.894,48.266000000000005,48.426,12735249,0,1
2017-06-26,48.605,49.57,48.331,48.575,4009711,0,-1
2017-06-27,48.396,49.347,48.29600000000001,48.29600000000001,4280923,0,1
2017-06-28,48.615,49.586000000000006,48.605,49.043,4276804,0,0
2017-06-29,49.073,49.476000000000006,48.615,49.412,6191467,0,0
2017-06-30,49.71,50.298,49.391999999999996,50.108000000000004,6644489,0,0
2017-07-03,50.566,51.06399999999999,50.158,50.158,2918797,0,0
2017-07-05,50.228,51.32899999999999,49.968999999999994,51.044,5179273,0,0
2017-07-06,50.756,52.358999999999995,50.646,51.832,7049905,0,0
2017-07-07,52.08,53.156000000000006,51.96,52.806999999999995,6567900,0,-1
2017-07-10,52.757,52.93600000000001,52.01,52.438,4619031,0,0
2017-07-11,52.358999999999995,52.438,51.254,51.393,4557535,0,1
2017-07-12,52.896,53.599,52.23,53.574,8379819,0,0
2017-07-13,53.176,54.251000000000005,52.926,53.583999999999996,5368870,0,0
2017-07-14,53.574,54.052,53.11600000000001,53.992,4556674,0,-1
2017-07-17,53.982,54.052,53.623999999999995,53.644,3743444,0,0
2017-07-18,53.604,53.614,52.797,52.926,4112212,0,0
2017-07-19,52.04,52.966,51.562,52.388999999999996,5797927,0,0
2017-07-20,52.498000000000005,52.558,51.881,52.12,4816459,0,0
2017-07-21,51.91,52.32899999999999,51.233999999999995,51.692,4563612,0,0
2017-07-24,51.571999999999996,51.812,51.023999999999994,51.06399999999999,4896038,0,0
2017-07-25,51.284,51.681999999999995,50.333,50.398,4502124,0,1
2017-07-26,50.418,50.949,49.8,50.79600000000001,4781009,0,-1
2017-07-27,50.128,50.128,48.545,49.79,10295797,0,1
2017-07-28,48.81399999999999,50.457,48.525,50.278,9187837,0,-1
2017-07-31,50.636,51.013999999999996,49.825,50.228,6029848,0,1
2017-08-01,50.915,51.782,50.111999999999995,50.846000000000004,5064885,0,-1
2017-08-02,50.676,50.964,49.69,50.238,4699084,0,1
2017-08-03,50.348,50.979,50.148,50.338,3245009,0,0
2017-08-04,50.457,50.706,50.173,50.586000000000006,3006085,0,-1
2017-08-07,50.606,50.915,50.248000000000005,50.368,3029409,0,0
2017-08-08,50.466,50.566,49.68,49.79,4286746,0,0
2017-08-09,49.531000000000006,49.71,49.023,49.192,5041607,0,0
2017-08-10,48.923,49.232,48.085,48.443999999999996,5422470,0,0
2017-08-11,48.394,48.678000000000004,47.336000000000006,48.244,5620057,0,1
2017-08-14,48.753,49.063,48.394,48.703,2994330,0,-1
2017-08-15,48.653,48.893,48.244,48.413999999999994,3172642,0,0
2017-08-16,48.534,48.623999999999995,48.165,48.303999999999995,4195196,0,0
2017-08-17,48.145,48.233999999999995,45.695,45.928999999999995,10315850,0,0
2017-08-18,46.199,46.199,45.341,45.45,6254473,0,1
2017-08-21,45.63,45.989,45.31100000000001,45.61,4351361,0,-1
2017-08-22,45.75,45.83,45.226000000000006,45.31100000000001,4028426,0,0
2017-08-23,45.071000000000005,45.144,43.425,43.873999999999995,8176064,0,0
2017-08-24,44.034,44.053999999999995,42.577,42.826,7071338,0,1
2017-08-25,42.996,45.331,42.916000000000004,45.151,11763411,0,-1
2017-08-28,45.131,45.273,44.681999999999995,44.852,6975480,0,0
2017-08-29,44.433,44.751999999999995,44.283,44.463,5206536,0,0
2017-08-30,44.443000000000005,44.667,43.794,44.223,5476403,0,1
2017-08-31,44.443000000000005,44.842,44.333,44.652,3807941,0,0
2017-09-01,44.751999999999995,45.371,44.552,45.211000000000006,4578917,0,-1
2017-09-05,44.692,45.181000000000004,43.744,43.824,8522312,0,1
2017-09-06,42.996,44.582,42.513999999999996,44.213,8815928,0,-1
2017-09-07,44.093,44.528,43.44,43.733999999999995,5105865,0,0
2017-09-08,43.714,44.013999999999996,43.395,43.505,4694800,0,1
2017-09-11,43.913999999999994,45.989,43.903999999999996,45.76,7937345,0,0
2017-09-12,45.8,46.378,45.53,46.18899999999999,6339047,0,0
2017-09-13,46.248999999999995,47.476000000000006,45.998999999999995,46.897,7304048,0,-1
2017-09-14,46.688,46.836999999999996,46.019,46.089,5363470,0,0
2017-09-15,45.201,45.93899999999999,45.091,45.898999999999994,14878707,0,0
2017-09-18,45.919,46.199,45.17100000000001,45.211000000000006,4611308,0,0
2017-09-19,45.181000000000004,45.56,43.934,44.283,6882628,0,1
2017-09-20,44.821999999999996,45.46,44.363,45.321000000000005,4718434,0,0
2017-09-21,45.371,46.468,44.891999999999996,46.18899999999999,5876652,0,0
2017-09-22,46.468,47.356,46.248999999999995,46.957,5353653,0,0
2017-09-25,46.876999999999995,47.855,46.788000000000004,47.596000000000004,6376732,0,-1
2017-09-26,47.735,48.155,47.126999999999995,47.496,4716070,0,0
2017-09-27,47.476000000000006,47.995,46.528,46.748000000000005,6193089,0,1
2017-09-28,46.678000000000004,48.494,46.678000000000004,47.386,8379886,0,0
2017-09-29,47.386,47.745,47.126999999999995,47.386,4914083,0,0
2017-10-02,47.416000000000004,47.825,47.117,47.626000000000005,4922099,0,0
2017-10-03,47.556000000000004,50.479,47.526,50.4,10272181,0,0
2017-10-04,50.39,51.556999999999995,50.38,50.619,7470782,0,-1
2017-10-05,50.739,50.879,50.15,50.45,4221533,0,1
2017-10-06,50.589,51.477,50.538999999999994,51.188,4249115,0,-1
2017-10-09,51.118,51.367,50.29,50.489,3698603,0,1
2017-10-10,51.886,53.13399999999999,51.86600000000001,52.913999999999994,9403989,0,-1
2017-10-11,52.983999999999995,53.623000000000005,52.216,52.715,5405345,0,0
2017-10-12,52.605,52.715,52.226000000000006,52.535,2972311,0,1
2017-10-13,52.555,52.746,52.145,52.585,2966709,0,-1
2017-10-16,52.405,52.565,51.817,52.156000000000006,3268635,0,0
2017-10-17,52.605,52.705,51.757,51.956,3657219,0,0
2017-10-18,51.996,52.323,51.747,51.916000000000004,2547627,0,0
2017-10-19,51.457,51.717,49.525,51.397,7463888,0,1
2017-10-20,51.446999999999996,52.126000000000005,51.417,51.817,3651344,0,-1
2017-10-23,51.806999999999995,51.836000000000006,50.75899999999999,50.869,3456220,0,1
2017-10-24,50.909,51.986000000000004,50.44,51.836000000000006,3654538,0,-1
2017-10-25,51.667,51.667,50.498999999999995,50.909,4661368,0,0
2017-10-26,51.886,53.074,48.214,48.504,12102539,0,0
2017-10-27,48.303999999999995,48.783,47.227,47.456,8609865,0,0
2017-10-30,47.54600000000001,47.566,46.728,47.147,5414359,0,0
2017-10-31,47.117,47.496,46.688,46.718,4606669,0,1
2017-11-01,47.895,48.095,47.266999999999996,47.735,4364056,0,-1
2017-11-02,47.68600000000001,47.824,46.986999999999995,47.257,2415938,0,1
2017-11-03,47.257,47.506,46.698,47.346000000000004,4046023,0,0
2017-11-06,47.356,47.995,47.177,47.406000000000006,4258497,0,-1
2017-11-07,47.406000000000006,47.406000000000006,46.299,46.358000000000004,3763615,0,0
2017-11-08,46.318999999999996,46.876999999999995,45.74,46.269,3205573,0,0
2017-11-09,45.75,46.248999999999995,45.261,45.67,3567014,0,1
2017-11-10,45.64,46.12,45.56,45.82,2433022,0,0
